Value of v is: (0.367, 0.254)
(0.0, 0.0)
(1.0, 0.0)
(-1.0, 0.0)
(1.367, 0.254)
(0.633, -0.254)
(-0.633, 0.254)
(-1.367, -0.254)
(1.437173, 0.440436)
(1.296827, 0.067563996)
(0.70317304, -0.067563996)
(0.562827, -0.440436)
(-0.562827, 0.440436)
(-0.70317304, 0.067563996)
(-1.296827, -0.067563996)
(-1.437173, -0.440436)
(1.4155718, 0.52668196)
(1.4587742, 0.35419005)
(1.2752258, 0.15380996)
(1.3184282, -0.018681966)
(0.6815718, 0.018681966)
(0.7247743, -0.15380996)
(0.54122573, -0.35419005)
(0.58442825, -0.52668196)
(-0.58442825, 0.52668196)
(-0.54122573, 0.35419005)
(-0.7247743, 0.15380996)
(-0.6815718, -0.018681966)
(-1.3184282, 0.018681966)
(-1.2752258, -0.15380996)
(-1.4587742, -0.35419005)
(-1.4155718, -0.52668196)
(1.3857377, 0.5528475)
(1.445406, 0.5005164)
(1.42894, 0.3803556)
(1.4886084, 0.3280245)
(1.2453916, 0.17997551)
(1.3050599, 0.12764442)
(1.288594, 0.007483583)
(1.3482623, -0.044847514)
(0.65173763, 0.044847514)
(0.71140593, -0.007483583)
(0.69494015, -0.12764442)
(0.75460845, -0.17997551)
(0.5113916, -0.3280245)
(0.5710599, -0.3803556)
(0.5545941, -0.5005164)
(0.6142624, -0.5528475)
(-0.6142624, 0.5528475)
(-0.5545941, 0.5005164)
(-0.5710599, 0.3803556)
(-0.5113916, 0.3280245)
(-0.75460845, 0.17997551)
(-0.69494015, 0.12764442)
(-0.71140593, 0.007483583)
(-0.65173763, -0.044847514)
(-1.3482623, 0.044847514)
(-1.288594, -0.007483583)
(-1.3050599, -0.12764442)
(-1.2453916, -0.17997551)
(-1.4886084, -0.3280245)
(-1.42894, -0.3803556)
(-1.445406, -0.5005164)
(-1.3857377, -0.5528475)
(1.3681425, 0.5548724)
(1.4033328, 0.5508226)
(1.4278108, 0.5025413)
(1.4630011, 0.49849153)
(1.4113449, 0.3823805)
(1.4465352, 0.3783307)
(1.4710132, 0.3300494)
(1.5062035, 0.32599962)
(1.2277964, 0.1820004)
(1.2629868, 0.17795062)
(1.2874647, 0.12966931)
(1.3226551, 0.12561953)
(1.2709988, 0.009508469)
(1.3061892, 0.0054586967)
(1.3306671, -0.04282263)
(1.3658575, -0.0468724)
(0.63414246, 0.0468724)
(0.6693328, 0.04282263)
(0.69381076, -0.0054586967)
(0.7290011, -0.009508469)
(0.677345, -0.12561953)
(0.7125353, -0.12966931)
(0.7370133, -0.17795062)
(0.7722036, -0.1820004)
(0.4937964, -0.32599962)
(0.52898675, -0.3300494)
(0.5534647, -0.3783307)
(0.58865505, -0.3823805)
(0.5369989, -0.49849153)
(0.5721893, -0.5025413)
(0.59666723, -0.5508226)
(0.6318576, -0.5548724)
(-0.6318576, 0.5548724)
(-0.59666723, 0.5508226)
(-0.5721893, 0.5025413)
(-0.5369989, 0.49849153)
(-0.58865505, 0.3823805)
(-0.5534647, 0.3783307)
(-0.52898675, 0.3300494)
(-0.4937964, 0.32599962)
(-0.7722036, 0.1820004)
(-0.7370133, 0.17795062)
(-0.7125353, 0.12966931)
(-0.677345, 0.12561953)
(-0.7290011, 0.009508469)
(-0.69381076, 0.0054586967)
(-0.6693328, -0.04282263)
(-0.63414246, -0.0468724)
(-1.3658575, 0.0468724)
(-1.3306671, 0.04282263)
(-1.3061892, -0.0054586967)
(-1.2709988, -0.009508469)
(-1.3226551, -0.12561953)
(-1.2874647, -0.12966931)
(-1.2629868, -0.17795062)
(-1.2277964, -0.1820004)
(-1.5062035, -0.32599962)
(-1.4710132, -0.3300494)
(-1.4465352, -0.3783307)
(-1.4113449, -0.3823805)
(-1.4630011, -0.49849153)
(-1.4278108, -0.5025413)
(-1.4033328, -0.5508226)
(-1.3681425, -0.5548724)
(1.3611708, 0.5511463)
(1.3751142, 0.55859846)
(1.3963611, 0.54709655)
(1.4103045, 0.5545487)
(1.4208391, 0.49881527)
(1.4347825, 0.50626737)
(1.4560294, 0.4947655)
(1.4699728, 0.5022176)
(1.4043732, 0.37865445)
(1.4183166, 0.38610652)
(1.4395635, 0.37460467)
(1.453507, 0.38205674)
(1.4640415, 0.32632336)
(1.4779849, 0.33377543)
(1.4992318, 0.32227358)
(1.5131752, 0.32972565)
(1.2208247, 0.17827436)
(1.2347682, 0.18572643)
(1.2560151, 0.17422459)
(1.2699585, 0.18167666)
(1.280493, 0.12594327)
(1.2944365, 0.13339534)
(1.3156834, 0.12189349)
(1.3296268, 0.12934557)
(1.2640271, 0.0057824273)
(1.2779706, 0.013234511)
(1.2992175, 0.0017326546)
(1.3131609, 0.009184739)
(1.3236954, -0.046548672)
(1.3376389, -0.039096586)
(1.3588858, -0.050598443)
(1.3728292, -0.043146357)
(0.6271707, 0.043146357)
(0.64111423, 0.050598443)
(0.662361, 0.039096586)
(0.6763046, 0.046548672)
(0.686839, -0.009184739)
(0.70078254, -0.0017326546)
(0.7220293, -0.013234511)
(0.7359729, -0.0057824273)
(0.6703732, -0.12934557)
(0.68431675, -0.12189349)
(0.70556355, -0.13339534)
(0.7195071, -0.12594327)
(0.7300415, -0.18167666)
(0.74398506, -0.17422459)
(0.76523185, -0.18572643)
(0.7791754, -0.17827436)
(0.48682466, -0.32972565)
(0.5007682, -0.32227358)
(0.522015, -0.33377543)
(0.5359585, -0.32632336)
(0.54649293, -0.38205674)
(0.5604365, -0.37460467)
(0.5816833, -0.38610652)
(0.59562683, -0.37865445)
(0.53002715, -0.5022176)
(0.5439707, -0.4947655)
(0.5652175, -0.50626737)
(0.57916105, -0.49881527)
(0.58969545, -0.5545487)
(0.603639, -0.54709655)
(0.6248858, -0.55859846)
(0.63882935, -0.5511463)
(-0.63882935, 0.5511463)
(-0.6248858, 0.55859846)
(-0.603639, 0.54709655)
(-0.58969545, 0.5545487)
(-0.57916105, 0.49881527)
(-0.5652175, 0.50626737)
(-0.5439707, 0.4947655)
(-0.53002715, 0.5022176)
(-0.59562683, 0.37865445)
(-0.5816833, 0.38610652)
(-0.5604365, 0.37460467)
(-0.54649293, 0.38205674)
(-0.5359585, 0.32632336)
(-0.522015, 0.33377543)
(-0.5007682, 0.32227358)
(-0.48682466, 0.32972565)
(-0.7791754, 0.17827436)
(-0.76523185, 0.18572643)
(-0.74398506, 0.17422459)
(-0.7300415, 0.18167666)
(-0.7195071, 0.12594327)
(-0.70556355, 0.13339534)
(-0.68431675, 0.12189349)
(-0.6703732, 0.12934557)
(-0.7359729, 0.0057824273)
(-0.7220293, 0.013234511)
(-0.70078254, 0.0017326546)
(-0.686839, 0.009184739)
(-0.6763046, -0.046548672)
(-0.662361, -0.039096586)
(-0.64111423, -0.050598443)
(-0.6271707, -0.043146357)
(-1.3728292, 0.043146357)
(-1.3588858, 0.050598443)
(-1.3376389, 0.039096586)
(-1.3236954, 0.046548672)
(-1.3131609, -0.009184739)
(-1.2992175, -0.0017326546)
(-1.2779706, -0.013234511)
(-1.2640271, -0.0057824273)
(-1.3296268, -0.12934557)
(-1.3156834, -0.12189349)
(-1.2944365, -0.13339534)
(-1.280493, -0.12594327)
(-1.2699585, -0.18167666)
(-1.2560151, -0.17422459)
(-1.2347682, -0.18572643)
(-1.2208247, -0.17827436)
(-1.5131752, -0.32972565)
(-1.4992318, -0.32227358)
(-1.4779849, -0.33377543)
(-1.4640415, -0.32632336)
(-1.453507, -0.38205674)
(-1.4395635, -0.37460467)
(-1.4183166, -0.38610652)
(-1.4043732, -0.37865445)
(-1.4699728, -0.5022176)
(-1.4560294, -0.4947655)
(-1.4347825, -0.50626737)
(-1.4208391, -0.49881527)
(-1.4103045, -0.5545487)
(-1.3963611, -0.54709655)
(-1.3751142, -0.55859846)
(-1.3611708, -0.5511463)
(1.3595586, 0.548008)
(1.362783, 0.55428463)
(1.373502, 0.55546016)
(1.3767264, 0.56173676)
(1.3947489, 0.54395825)
(1.3979733, 0.55023485)
(1.4086924, 0.5514104)
(1.4119167, 0.557687)
(1.4192269, 0.495677)
(1.4224513, 0.50195354)
(1.4331703, 0.50312907)
(1.4363947, 0.5094057)
(1.4544172, 0.49162722)
(1.4576416, 0.49790376)
(1.4683607, 0.49907932)
(1.471585, 0.5053559)
(1.402761, 0.37551618)
(1.4059854, 0.38179272)
(1.4167044, 0.38296825)
(1.4199288, 0.3892448)
(1.4379513, 0.3714664)
(1.4411757, 0.37774295)
(1.4518948, 0.37891847)
(1.4551191, 0.38519502)
(1.4624293, 0.3231851)
(1.4656537, 0.32946163)
(1.4763727, 0.33063716)
(1.4795971, 0.3369137)
(1.4976196, 0.3191353)
(1.500844, 0.32541186)
(1.5115631, 0.32658738)
(1.5147874, 0.33286393)
(1.2192125, 0.17513607)
(1.2224369, 0.18141265)
(1.233156, 0.18258815)
(1.2363803, 0.18886472)
(1.2544029, 0.1710863)
(1.2576272, 0.17736287)
(1.2683463, 0.17853837)
(1.2715707, 0.18481494)
(1.2788808, 0.12280499)
(1.2821052, 0.12908156)
(1.2928243, 0.13025706)
(1.2960486, 0.13653363)
(1.3140712, 0.11875521)
(1.3172956, 0.12503177)
(1.3280146, 0.12620728)
(1.331239, 0.13248385)
(1.2624149, 0.002644145)
(1.2656393, 0.00892071)
(1.2763584, 0.010096229)
(1.2795827, 0.016372792)
(1.2976053, -0.0014056277)
(1.3008296, 0.004870937)
(1.3115487, 0.0060464563)
(1.3147731, 0.012323021)
(1.3220832, -0.049686953)
(1.3253076, -0.04341039)
(1.3360267, -0.042234868)
(1.339251, -0.035958305)
(1.3572736, -0.053736724)
(1.360498, -0.04746016)
(1.371217, -0.04628464)
(1.3744414, -0.040008076)
(0.62555844, 0.040008076)
(0.6287829, 0.04628464)
(0.639502, 0.04746016)
(0.6427265, 0.053736724)
(0.6607488, 0.035958305)
(0.6639733, 0.042234868)
(0.67469233, 0.04341039)
(0.6779168, 0.049686953)
(0.68522674, -0.012323021)
(0.68845123, -0.0060464563)
(0.6991703, -0.004870937)
(0.7023948, 0.0014056277)
(0.7204171, -0.016372792)
(0.7236416, -0.010096229)
(0.73436064, -0.00892071)
(0.7375851, -0.002644145)
(0.66876096, -0.13248385)
(0.67198545, -0.12620728)
(0.6827045, -0.12503177)
(0.685929, -0.11875521)
(0.7039513, -0.13653363)
(0.7071758, -0.13025706)
(0.71789485, -0.12908156)
(0.72111934, -0.12280499)
(0.72842926, -0.18481494)
(0.73165375, -0.17853837)
(0.7423728, -0.17736287)
(0.7455973, -0.1710863)
(0.7636196, -0.18886472)
(0.7668441, -0.18258815)
(0.77756315, -0.18141265)
(0.78078765, -0.17513607)
(0.48521245, -0.33286393)
(0.48843688, -0.32658738)
(0.49915597, -0.32541186)
(0.50238043, -0.3191353)
(0.5204027, -0.3369137)
(0.5236272, -0.33063716)
(0.5343463, -0.32946163)
(0.5375708, -0.3231851)
(0.5448807, -0.38519502)
(0.5481052, -0.37891847)
(0.55882424, -0.37774295)
(0.56204873, -0.3714664)
(0.58007103, -0.3892448)
(0.5832955, -0.38296825)
(0.5940146, -0.38179272)
(0.5972391, -0.37551618)
(0.5284149, -0.5053559)
(0.5316394, -0.49907932)
(0.54235846, -0.49790376)
(0.54558295, -0.49162722)
(0.56360525, -0.5094057)
(0.56682974, -0.50312907)
(0.5775488, -0.50195354)
(0.5807733, -0.495677)
(0.5880832, -0.557687)
(0.5913077, -0.5514104)
(0.60202676, -0.55023485)
(0.60525125, -0.54395825)
(0.62327355, -0.56173676)
(0.62649804, -0.55546016)
(0.6372171, -0.55428463)
(0.6404416, -0.548008)
(-0.6404416, 0.548008)
(-0.6372171, 0.55428463)
(-0.62649804, 0.55546016)
(-0.62327355, 0.56173676)
(-0.60525125, 0.54395825)
(-0.60202676, 0.55023485)
(-0.5913077, 0.5514104)
(-0.5880832, 0.557687)
(-0.5807733, 0.495677)
(-0.5775488, 0.50195354)
(-0.56682974, 0.50312907)
(-0.56360525, 0.5094057)
(-0.54558295, 0.49162722)
(-0.54235846, 0.49790376)
(-0.5316394, 0.49907932)
(-0.5284149, 0.5053559)
(-0.5972391, 0.37551618)
(-0.5940146, 0.38179272)
(-0.5832955, 0.38296825)
(-0.58007103, 0.3892448)
(-0.56204873, 0.3714664)
(-0.55882424, 0.37774295)
(-0.5481052, 0.37891847)
(-0.5448807, 0.38519502)
(-0.5375708, 0.3231851)
(-0.5343463, 0.32946163)
(-0.5236272, 0.33063716)
(-0.5204027, 0.3369137)
(-0.50238043, 0.3191353)
(-0.49915597, 0.32541186)
(-0.48843688, 0.32658738)
(-0.48521245, 0.33286393)
(-0.78078765, 0.17513607)
(-0.77756315, 0.18141265)
(-0.7668441, 0.18258815)
(-0.7636196, 0.18886472)
(-0.7455973, 0.1710863)
(-0.7423728, 0.17736287)
(-0.73165375, 0.17853837)
(-0.72842926, 0.18481494)
(-0.72111934, 0.12280499)
(-0.71789485, 0.12908156)
(-0.7071758, 0.13025706)
(-0.7039513, 0.13653363)
(-0.685929, 0.11875521)
(-0.6827045, 0.12503177)
(-0.67198545, 0.12620728)
(-0.66876096, 0.13248385)
(-0.7375851, 0.002644145)
(-0.73436064, 0.00892071)
(-0.7236416, 0.010096229)
(-0.7204171, 0.016372792)
(-0.7023948, -0.0014056277)
(-0.6991703, 0.004870937)
(-0.68845123, 0.0060464563)
(-0.68522674, 0.012323021)
(-0.6779168, -0.049686953)
(-0.67469233, -0.04341039)
(-0.6639733, -0.042234868)
(-0.6607488, -0.035958305)
(-0.6427265, -0.053736724)
(-0.639502, -0.04746016)
(-0.6287829, -0.04628464)
(-0.62555844, -0.040008076)
(-1.3744414, 0.040008076)
(-1.371217, 0.04628464)
(-1.360498, 0.04746016)
(-1.3572736, 0.053736724)
(-1.339251, 0.035958305)
(-1.3360267, 0.042234868)
(-1.3253076, 0.04341039)
(-1.3220832, 0.049686953)
(-1.3147731, -0.012323021)
(-1.3115487, -0.0060464563)
(-1.3008296, -0.004870937)
(-1.2976053, 0.0014056277)
(-1.2795827, -0.016372792)
(-1.2763584, -0.010096229)
(-1.2656393, -0.00892071)
(-1.2624149, -0.002644145)
(-1.331239, -0.13248385)
(-1.3280146, -0.12620728)
(-1.3172956, -0.12503177)
(-1.3140712, -0.11875521)
(-1.2960486, -0.13653363)
(-1.2928243, -0.13025706)
(-1.2821052, -0.12908156)
(-1.2788808, -0.12280499)
(-1.2715707, -0.18481494)
(-1.2683463, -0.17853837)
(-1.2576272, -0.17736287)
(-1.2544029, -0.1710863)
(-1.2363803, -0.18886472)
(-1.233156, -0.18258815)
(-1.2224369, -0.18141265)
(-1.2192125, -0.17513607)
(-1.5147874, -0.33286393)
(-1.5115631, -0.32658738)
(-1.500844, -0.32541186)
(-1.4976196, -0.3191353)
(-1.4795971, -0.3369137)
(-1.4763727, -0.33063716)
(-1.4656537, -0.32946163)
(-1.4624293, -0.3231851)
(-1.4551191, -0.38519502)
(-1.4518948, -0.37891847)
(-1.4411757, -0.37774295)
(-1.4379513, -0.3714664)
(-1.4199288, -0.3892448)
(-1.4167044, -0.38296825)
(-1.4059854, -0.38179272)
(-1.402761, -0.37551618)
(-1.471585, -0.5053559)
(-1.4683607, -0.49907932)
(-1.4576416, -0.49790376)
(-1.4544172, -0.49162722)
(-1.4363947, -0.5094057)
(-1.4331703, -0.50312907)
(-1.4224513, -0.50195354)
(-1.4192269, -0.495677)
(-1.4119167, -0.557687)
(-1.4086924, -0.5514104)
(-1.3979733, -0.55023485)
(-1.3947489, -0.54395825)
(-1.3767264, -0.56173676)
(-1.373502, -0.55546016)
(-1.362783, -0.55428463)
(-1.3595586, -0.548008)
(1.359764, 0.5464468)
(1.3593532, 0.54956925)
(1.3629884, 0.5527234)
(1.3625776, 0.55584586)
(1.3737074, 0.55389893)
(1.3732966, 0.5570214)
(1.3769318, 0.56017554)
(1.376521, 0.563298)
(1.3949543, 0.542397)
(1.3945435, 0.5455195)
(1.3981787, 0.5486736)
(1.3977679, 0.5517961)
(1.4088978, 0.54984915)
(1.408487, 0.5529716)
(1.4121221, 0.55612576)
(1.4117113, 0.5592482)
(1.4194323, 0.49411574)
(1.4190215, 0.49723825)
(1.4226567, 0.5003923)
(1.4222459, 0.50351477)
(1.4333757, 0.50156784)
(1.4329649, 0.5046903)
(1.4366001, 0.50784445)
(1.4361893, 0.5109669)
(1.4546226, 0.49006596)
(1.4542118, 0.49318847)
(1.457847, 0.4963425)
(1.4574362, 0.49946502)
(1.4685661, 0.49751806)
(1.4681553, 0.5006406)
(1.4717904, 0.50379467)
(1.4713796, 0.5069171)
(1.4029664, 0.37395492)
(1.4025556, 0.37707743)
(1.4061908, 0.38023147)
(1.40578, 0.38335398)
(1.4169098, 0.381407)
(1.416499, 0.3845295)
(1.4201342, 0.38768354)
(1.4197234, 0.39080605)
(1.4381567, 0.36990514)
(1.4377459, 0.37302765)
(1.4413811, 0.3761817)
(1.4409703, 0.3793042)
(1.4521002, 0.3773572)
(1.4516894, 0.38047972)
(1.4553245, 0.38363376)
(1.4549137, 0.38675627)
(1.4626347, 0.32162383)
(1.4622239, 0.32474634)
(1.465859, 0.32790038)
(1.4654483, 0.3310229)
(1.4765781, 0.3290759)
(1.4761673, 0.3321984)
(1.4798025, 0.33535245)
(1.4793917, 0.33847496)
(1.497825, 0.31757405)
(1.4974142, 0.32069656)
(1.5010494, 0.3238506)
(1.5006386, 0.3269731)
(1.5117685, 0.32502612)
(1.5113577, 0.32814863)
(1.5149928, 0.33130267)
(1.514582, 0.33442518)
(1.2194179, 0.17357482)
(1.2190071, 0.17669733)
(1.2226423, 0.1798514)
(1.2222315, 0.1829739)
(1.2333614, 0.18102689)
(1.2329506, 0.1841494)
(1.2365857, 0.18730347)
(1.236175, 0.19042598)
(1.2546083, 0.16952504)
(1.2541975, 0.17264755)
(1.2578326, 0.17580162)
(1.2574219, 0.17892413)
(1.2685517, 0.17697711)
(1.2681409, 0.18009962)
(1.2717761, 0.18325369)
(1.2713653, 0.1863762)
(1.2790862, 0.12124374)
(1.2786754, 0.124366246)
(1.2823106, 0.12752031)
(1.2818998, 0.13064282)
(1.2930297, 0.1286958)
(1.2926189, 0.13181831)
(1.296254, 0.13497238)
(1.2958432, 0.13809489)
(1.3142766, 0.11719395)
(1.3138658, 0.12031646)
(1.317501, 0.123470515)
(1.3170902, 0.12659302)
(1.32822, 0.12464602)
(1.3278092, 0.12776853)
(1.3314444, 0.1309226)
(1.3310336, 0.13404511)
(1.2626203, 0.0010828918)
(1.2622095, 0.0042053983)
(1.2658447, 0.0073594563)
(1.2654339, 0.010481963)
(1.2765638, 0.008534975)
(1.276153, 0.011657482)
(1.2797881, 0.014811539)
(1.2793773, 0.017934045)
(1.2978107, -0.0029668808)
(1.2973999, 1.556254E-4)
(1.301035, 0.003309684)
(1.3006243, 0.0064321905)
(1.3117541, 0.004485203)
(1.3113433, 0.0076077096)
(1.3149785, 0.010761768)
(1.3145677, 0.013884274)
(1.3222886, -0.051248208)
(1.3218778, -0.0481257)
(1.325513, -0.044971645)
(1.3251022, -0.041849136)
(1.3362321, -0.043796122)
(1.3358213, -0.040673614)
(1.3394564, -0.03751956)
(1.3390456, -0.03439705)
(1.357479, -0.05529798)
(1.3570682, -0.05217547)
(1.3607033, -0.049021415)
(1.3602926, -0.045898907)
(1.3714224, -0.047845893)
(1.3710116, -0.044723384)
(1.3746468, -0.04156933)
(1.374236, -0.03844682)
(0.6257639, 0.03844682)
(0.625353, 0.04156933)
(0.6289884, 0.044723384)
(0.6285775, 0.047845893)
(0.63970745, 0.045898907)
(0.63929653, 0.049021415)
(0.64293194, 0.05217547)
(0.642521, 0.05529798)
(0.66095424, 0.03439705)
(0.6605433, 0.03751956)
(0.6641787, 0.040673614)
(0.6637678, 0.043796122)
(0.6748978, 0.041849136)
(0.6744869, 0.044971645)
(0.6781223, 0.0481257)
(0.67771137, 0.051248208)
(0.6854322, -0.013884274)
(0.6850213, -0.010761768)
(0.6886567, -0.0076077096)
(0.6882458, -0.004485203)
(0.69937575, -0.0064321905)
(0.69896483, -0.003309684)
(0.70260024, -1.556254E-4)
(0.7021893, 0.0029668808)
(0.72062254, -0.017934045)
(0.7202116, -0.014811539)
(0.72384703, -0.011657482)
(0.7234361, -0.008534975)
(0.7345661, -0.010481963)
(0.7341552, -0.0073594563)
(0.7377906, -0.0042053983)
(0.73737967, -0.0010828918)
(0.6689664, -0.13404511)
(0.6685555, -0.1309226)
(0.6721909, -0.12776853)
(0.67178, -0.12464602)
(0.68290997, -0.12659302)
(0.68249905, -0.123470515)
(0.68613446, -0.12031646)
(0.68572354, -0.11719395)
(0.70415676, -0.13809489)
(0.70374584, -0.13497238)
(0.70738125, -0.13181831)
(0.70697033, -0.1286958)
(0.7181003, -0.13064282)
(0.7176894, -0.12752031)
(0.7213248, -0.124366246)
(0.7209139, -0.12124374)
(0.7286347, -0.1863762)
(0.7282238, -0.18325369)
(0.7318592, -0.18009962)
(0.7314483, -0.17697711)
(0.74257827, -0.17892413)
(0.74216735, -0.17580162)
(0.74580276, -0.17264755)
(0.74539185, -0.16952504)
(0.76382506, -0.19042598)
(0.76341414, -0.18730347)
(0.76704955, -0.1841494)
(0.76663864, -0.18102689)
(0.7777686, -0.1829739)
(0.7773577, -0.1798514)
(0.7809931, -0.17669733)
(0.7805822, -0.17357482)
(0.48541787, -0.33442518)
(0.48500702, -0.33130267)
(0.4886423, -0.32814863)
(0.48823145, -0.32502612)
(0.4993614, -0.3269731)
(0.49895054, -0.3238506)
(0.5025859, -0.32069656)
(0.502175, -0.31757405)
(0.5206082, -0.33847496)
(0.5201973, -0.33535245)
(0.5238327, -0.3321984)
(0.52342176, -0.3290759)
(0.53455174, -0.3310229)
(0.5341408, -0.32790038)
(0.53777623, -0.32474634)
(0.5373653, -0.32162383)
(0.54508615, -0.38675627)
(0.54467523, -0.38363376)
(0.54831064, -0.38047972)
(0.5478997, -0.3773572)
(0.5590297, -0.3793042)
(0.5586188, -0.3761817)
(0.5622542, -0.37302765)
(0.5618433, -0.36990514)
(0.5802765, -0.39080605)
(0.5798656, -0.38768354)
(0.583501, -0.3845295)
(0.58309007, -0.381407)
(0.59422004, -0.38335398)
(0.5938091, -0.38023147)
(0.59744453, -0.37707743)
(0.5970336, -0.37395492)
(0.52862036, -0.5069171)
(0.52820945, -0.50379467)
(0.53184485, -0.5006406)
(0.53143394, -0.49751806)
(0.5425639, -0.49946502)
(0.542153, -0.4963425)
(0.5457884, -0.49318847)
(0.5453775, -0.49006596)
(0.5638107, -0.5109669)
(0.5633998, -0.50784445)
(0.5670352, -0.5046903)
(0.5666243, -0.50156784)
(0.57775426, -0.50351477)
(0.57734334, -0.5003923)
(0.58097875, -0.49723825)
(0.58056784, -0.49411574)
(0.58828866, -0.5592482)
(0.58787775, -0.55612576)
(0.59151316, -0.5529716)
(0.59110224, -0.54984915)
(0.6022322, -0.5517961)
(0.6018213, -0.5486736)
(0.6054567, -0.5455195)
(0.6050458, -0.542397)
(0.623479, -0.563298)
(0.6230681, -0.56017554)
(0.6267035, -0.5570214)
(0.6262926, -0.55389893)
(0.63742256, -0.55584586)
(0.63701165, -0.5527234)
(0.64064705, -0.54956925)
(0.64023614, -0.5464468)
(-0.64023614, 0.5464468)
(-0.64064705, 0.54956925)
(-0.63701165, 0.5527234)
(-0.63742256, 0.55584586)
(-0.6262926, 0.55389893)
(-0.6267035, 0.5570214)
(-0.6230681, 0.56017554)
(-0.623479, 0.563298)
(-0.6050458, 0.542397)
(-0.6054567, 0.5455195)
(-0.6018213, 0.5486736)
(-0.6022322, 0.5517961)
(-0.59110224, 0.54984915)
(-0.59151316, 0.5529716)
(-0.58787775, 0.55612576)
(-0.58828866, 0.5592482)
(-0.58056784, 0.49411574)
(-0.58097875, 0.49723825)
(-0.57734334, 0.5003923)
(-0.57775426, 0.50351477)
(-0.5666243, 0.50156784)
(-0.5670352, 0.5046903)
(-0.5633998, 0.50784445)
(-0.5638107, 0.5109669)
(-0.5453775, 0.49006596)
(-0.5457884, 0.49318847)
(-0.542153, 0.4963425)
(-0.5425639, 0.49946502)
(-0.53143394, 0.49751806)
(-0.53184485, 0.5006406)
(-0.52820945, 0.50379467)
(-0.52862036, 0.5069171)
(-0.5970336, 0.37395492)
(-0.59744453, 0.37707743)
(-0.5938091, 0.38023147)
(-0.59422004, 0.38335398)
(-0.58309007, 0.381407)
(-0.583501, 0.3845295)
(-0.5798656, 0.38768354)
(-0.5802765, 0.39080605)
(-0.5618433, 0.36990514)
(-0.5622542, 0.37302765)
(-0.5586188, 0.3761817)
(-0.5590297, 0.3793042)
(-0.5478997, 0.3773572)
(-0.54831064, 0.38047972)
(-0.54467523, 0.38363376)
(-0.54508615, 0.38675627)
(-0.5373653, 0.32162383)
(-0.53777623, 0.32474634)
(-0.5341408, 0.32790038)
(-0.53455174, 0.3310229)
(-0.52342176, 0.3290759)
(-0.5238327, 0.3321984)
(-0.5201973, 0.33535245)
(-0.5206082, 0.33847496)
(-0.502175, 0.31757405)
(-0.5025859, 0.32069656)
(-0.49895054, 0.3238506)
(-0.4993614, 0.3269731)
(-0.48823145, 0.32502612)
(-0.4886423, 0.32814863)
(-0.48500702, 0.33130267)
(-0.48541787, 0.33442518)
(-0.7805822, 0.17357482)
(-0.7809931, 0.17669733)
(-0.7773577, 0.1798514)
(-0.7777686, 0.1829739)
(-0.76663864, 0.18102689)
(-0.76704955, 0.1841494)
(-0.76341414, 0.18730347)
(-0.76382506, 0.19042598)
(-0.74539185, 0.16952504)
(-0.74580276, 0.17264755)
(-0.74216735, 0.17580162)
(-0.74257827, 0.17892413)
(-0.7314483, 0.17697711)
(-0.7318592, 0.18009962)
(-0.7282238, 0.18325369)
(-0.7286347, 0.1863762)
(-0.7209139, 0.12124374)
(-0.7213248, 0.124366246)
(-0.7176894, 0.12752031)
(-0.7181003, 0.13064282)
(-0.70697033, 0.1286958)
(-0.70738125, 0.13181831)
(-0.70374584, 0.13497238)
(-0.70415676, 0.13809489)
(-0.68572354, 0.11719395)
(-0.68613446, 0.12031646)
(-0.68249905, 0.123470515)
(-0.68290997, 0.12659302)
(-0.67178, 0.12464602)
(-0.6721909, 0.12776853)
(-0.6685555, 0.1309226)
(-0.6689664, 0.13404511)
(-0.73737967, 0.0010828918)
(-0.7377906, 0.0042053983)
(-0.7341552, 0.0073594563)
(-0.7345661, 0.010481963)
(-0.7234361, 0.008534975)
(-0.72384703, 0.011657482)
(-0.7202116, 0.014811539)
(-0.72062254, 0.017934045)
(-0.7021893, -0.0029668808)
(-0.70260024, 1.556254E-4)
(-0.69896483, 0.003309684)
(-0.69937575, 0.0064321905)
(-0.6882458, 0.004485203)
(-0.6886567, 0.0076077096)
(-0.6850213, 0.010761768)
(-0.6854322, 0.013884274)
(-0.67771137, -0.051248208)
(-0.6781223, -0.0481257)
(-0.6744869, -0.044971645)
(-0.6748978, -0.041849136)
(-0.6637678, -0.043796122)
(-0.6641787, -0.040673614)
(-0.6605433, -0.03751956)
(-0.66095424, -0.03439705)
(-0.642521, -0.05529798)
(-0.64293194, -0.05217547)
(-0.63929653, -0.049021415)
(-0.63970745, -0.045898907)
(-0.6285775, -0.047845893)
(-0.6289884, -0.044723384)
(-0.625353, -0.04156933)
(-0.6257639, -0.03844682)
(-1.374236, 0.03844682)
(-1.3746468, 0.04156933)
(-1.3710116, 0.044723384)
(-1.3714224, 0.047845893)
(-1.3602926, 0.045898907)
(-1.3607033, 0.049021415)
(-1.3570682, 0.05217547)
(-1.357479, 0.05529798)
(-1.3390456, 0.03439705)
(-1.3394564, 0.03751956)
(-1.3358213, 0.040673614)
(-1.3362321, 0.043796122)
(-1.3251022, 0.041849136)
(-1.325513, 0.044971645)
(-1.3218778, 0.0481257)
(-1.3222886, 0.051248208)
(-1.3145677, -0.013884274)
(-1.3149785, -0.010761768)
(-1.3113433, -0.0076077096)
(-1.3117541, -0.004485203)
(-1.3006243, -0.0064321905)
(-1.301035, -0.003309684)
(-1.2973999, -1.556254E-4)
(-1.2978107, 0.0029668808)
(-1.2793773, -0.017934045)
(-1.2797881, -0.014811539)
(-1.276153, -0.011657482)
(-1.2765638, -0.008534975)
(-1.2654339, -0.010481963)
(-1.2658447, -0.0073594563)
(-1.2622095, -0.0042053983)
(-1.2626203, -0.0010828918)
(-1.3310336, -0.13404511)
(-1.3314444, -0.1309226)
(-1.3278092, -0.12776853)
(-1.32822, -0.12464602)
(-1.3170902, -0.12659302)
(-1.317501, -0.123470515)
(-1.3138658, -0.12031646)
(-1.3142766, -0.11719395)
(-1.2958432, -0.13809489)
(-1.296254, -0.13497238)
(-1.2926189, -0.13181831)
(-1.2930297, -0.1286958)
(-1.2818998, -0.13064282)
(-1.2823106, -0.12752031)
(-1.2786754, -0.124366246)
(-1.2790862, -0.12124374)
(-1.2713653, -0.1863762)
(-1.2717761, -0.18325369)
(-1.2681409, -0.18009962)
(-1.2685517, -0.17697711)
(-1.2574219, -0.17892413)
(-1.2578326, -0.17580162)
(-1.2541975, -0.17264755)
(-1.2546083, -0.16952504)
(-1.236175, -0.19042598)
(-1.2365857, -0.18730347)
(-1.2329506, -0.1841494)
(-1.2333614, -0.18102689)
(-1.2222315, -0.1829739)
(-1.2226423, -0.1798514)
(-1.2190071, -0.17669733)
(-1.2194179, -0.17357482)
(-1.514582, -0.33442518)
(-1.5149928, -0.33130267)
(-1.5113577, -0.32814863)
(-1.5117685, -0.32502612)
(-1.5006386, -0.3269731)
(-1.5010494, -0.3238506)
(-1.4974142, -0.32069656)
(-1.497825, -0.31757405)
(-1.4793917, -0.33847496)
(-1.4798025, -0.33535245)
(-1.4761673, -0.3321984)
(-1.4765781, -0.3290759)
(-1.4654483, -0.3310229)
(-1.465859, -0.32790038)
(-1.4622239, -0.32474634)
(-1.4626347, -0.32162383)
(-1.4549137, -0.38675627)
(-1.4553245, -0.38363376)
(-1.4516894, -0.38047972)
(-1.4521002, -0.3773572)
(-1.4409703, -0.3793042)
(-1.4413811, -0.3761817)
(-1.4377459, -0.37302765)
(-1.4381567, -0.36990514)
(-1.4197234, -0.39080605)
(-1.4201342, -0.38768354)
(-1.416499, -0.3845295)
(-1.4169098, -0.381407)
(-1.40578, -0.38335398)
(-1.4061908, -0.38023147)
(-1.4025556, -0.37707743)
(-1.4029664, -0.37395492)
(-1.4713796, -0.5069171)
(-1.4717904, -0.50379467)
(-1.4681553, -0.5006406)
(-1.4685661, -0.49751806)
(-1.4574362, -0.49946502)
(-1.457847, -0.4963425)
(-1.4542118, -0.49318847)
(-1.4546226, -0.49006596)
(-1.4361893, -0.5109669)
(-1.4366001, -0.50784445)
(-1.4329649, -0.5046903)
(-1.4333757, -0.50156784)
(-1.4222459, -0.50351477)
(-1.4226567, -0.5003923)
(-1.4190215, -0.49723825)
(-1.4194323, -0.49411574)
(-1.4117113, -0.5592482)
(-1.4121221, -0.55612576)
(-1.408487, -0.5529716)
(-1.4088978, -0.54984915)
(-1.3977679, -0.5517961)
(-1.3981787, -0.5486736)
(-1.3945435, -0.5455195)
(-1.3949543, -0.542397)
(-1.376521, -0.563298)
(-1.3769318, -0.56017554)
(-1.3732966, -0.5570214)
(-1.3737074, -0.55389893)
(-1.3625776, -0.55584586)
(-1.3629884, -0.5527234)
(-1.3593532, -0.54956925)
(-1.359764, -0.5464468)
